EDA Summary for Sound Event Dataset
===============================

1. Class Distribution
-----------------
Total samples: 1928019
Number of classes: 13
Class counts:
class
0     439422
1     502151
2       5624
3      16046
4      54802
5     237896
6      47064
7       8873
8     395110
9     186653
10     22857
11     10758
12       763

Gini Coefficient (measure of inequality): 0.8120
Entropy of class distribution: 1.8546

2. Event Duration Statistics
-----------------------
       count  mean  std   min   25%   50%   75%   max
class                                                
0        4.0  50.0  0.0  50.0  50.0  50.0  50.0  50.0
1        4.0  50.0  0.0  50.0  50.0  50.0  50.0  50.0
2        3.0  50.0  0.0  50.0  50.0  50.0  50.0  50.0
3        1.0  50.0  NaN  50.0  50.0  50.0  50.0  50.0
4        4.0  50.0  0.0  50.0  50.0  50.0  50.0  50.0
5        4.0  50.0  0.0  50.0  50.0  50.0  50.0  50.0
6        4.0  50.0  0.0  50.0  50.0  50.0  50.0  50.0
7        4.0  50.0  0.0  50.0  50.0  50.0  50.0  50.0
8        1.0  50.0  NaN  50.0  50.0  50.0  50.0  50.0
9        4.0  50.0  0.0  50.0  50.0  50.0  50.0  50.0
10       4.0  50.0  0.0  50.0  50.0  50.0  50.0  50.0
11       1.0  50.0  NaN  50.0  50.0  50.0  50.0  50.0
12       1.0  50.0  NaN  50.0  50.0  50.0  50.0  50.0

3. Distance Statistics
------------------
        count  unique  top   freq
class                            
0      439422     317  155   6515
1      502151     401  223   9274
2        5624     159  149    323
3       16046      62  163   1744
4       54802     286  223    902
5      237896     398  162  17474
6       47064     307  150    753
7        8873      17  333   1170
8      395110      93  372  25484
9      186653     186  164  11214
10      22857      10  287   9313
11      10758      13  143   2466
12        763      10  333    243

4. Azimuth Statistics
------------------
        count  unique  top  freq
class                           
0      439422     181  -34  3117
1      502151     181  -57  3510
2        5624     176   27   156
3       16046     179   81   275
4       54802     181  -47   439
5      237896     181  -64  2072
6       47064     181   32   335
7        8873     173   57   170
8      395110     181   79  3299
9      186653     181   26  1519
10      22857     178   83   350
11      10758     168   16   215
12        763      82    5    28

5. Onscreen/Offscreen Statistics
----------------------------
onscreen  Offscreen  Onscreen
class                        
0          0.721106  0.278894
1          0.724314  0.275686
2          0.681899  0.318101
3          0.824567  0.175433
4          0.737455  0.262545
5          0.857303  0.142697
6          0.944395  0.055605
7          0.742026  0.257974
8          0.770909  0.229091
9          0.736013  0.263987
10         0.730017  0.269983
11         0.835843  0.164157
12         0.769332  0.230668

6. Feature Correlation
------------------
                duration  avg_distance  avg_azimuth  onscreen_ratio
duration             NaN           NaN          NaN             NaN
avg_distance         NaN      1.000000     0.069424       -0.113734
avg_azimuth          NaN      0.069424     1.000000        0.314205
onscreen_ratio       NaN     -0.113734     0.314205        1.000000

