Comparison of Train and Test Datasets
=================================

1. Class Distribution Comparison
--------------------------
dev-train-sony class counts:
class
0     17486
1     74300
2       526
3      5119
4     11289
5     75575
6      2383
7      1155
8     80583
10     1893
11     4336
12      183

dev-train-tau class counts:
class
0     251587
1     187906
2       3652
3       5418
4      19941
5      67117
6      17123
7       4565
8     128523
9      27981
10      3236
12       273

dev-test-sony class counts:
class
0     27099
1     54661
2       150
3      2532
4      7753
5     80399
6      1249
7       129
8     75744
10    13845
11     6422
12       90

dev-test-tau class counts:
class
0     143250
1     185284
2       1296
3       2977
4      15819
5      14805
6      26309
7       3024
8     110260
9     158672
10      3883
12       217

2. Event Duration Comparison
------------------------
dev-train-sony mean event durations:
class
0     50.0
1     50.0
2     50.0
3     50.0
4     50.0
5     50.0
6     30.0
7     50.0
8     50.0
10    50.0
11    50.0
12    50.0

dev-train-tau mean event durations:
class
0     50.000
1     50.000
2     14.875
3     50.000
4     50.000
5     50.000
6     50.000
7     50.000
8     50.000
9     50.000
10    50.000
12    50.000

dev-test-sony mean event durations:
class
0     50.00
1     50.00
2     13.75
3     50.00
4     50.00
5     50.00
6     33.00
7     50.00
8     50.00
10    50.00
11    50.00
12    35.00

dev-test-tau mean event durations:
class
0     50.0
1     50.0
2     50.0
3     50.0
4     50.0
5     50.0
6     50.0
7     50.0
8     50.0
9     50.0
10    50.0
12    50.0

3. Mean Distance Comparison
------------------------
dev-train-sony mean distances:
class
0     150.094361
1     152.384051
2     125.674905
3     202.367845
4     149.685623
5     180.834654
6     242.874948
7     358.884848
8     229.325664
10         446.0
11     82.017066
12    412.546448

dev-train-tau mean distances:
class
0      183.16479
1     195.834247
2     181.165115
3     174.008675
4     171.150444
5     187.605227
6     230.369737
7     341.401972
8     246.374789
9     192.884279
10    221.586527
12    337.285714

dev-test-sony mean distances:
class
0     164.665818
1     219.343938
2     244.873333
3     226.260269
4      196.55772
5     202.874911
6     229.838271
7     297.627907
8      210.21236
10    289.618707
11     175.96512
12         541.0

dev-test-tau mean distances:
class
0      171.40541
1     168.970289
2     167.554784
3     140.237487
4     172.239143
5     286.129956
6     189.284389
7     256.366402
8     174.427671
9     137.763128
10    281.365954
12    279.603687

4. Onscreen Ratio Comparison
-------------------------
dev-train-sony onscreen ratios:
class
0     0.196328
1     0.251332
2     0.334601
3     0.182262
4      0.21109
5     0.061568
6     0.064624
7     0.228571
8     0.238462
10    0.311146
11    0.210332
12    0.382514

dev-train-tau onscreen ratios:
class
0     0.283067
1     0.277974
2     0.300931
3     0.222222
4     0.278923
5     0.112311
6      0.11394
7     0.260898
8     0.269617
9     0.264358
10     0.22157
12    0.186813

dev-test-sony onscreen ratios:
class
0      0.28787
1     0.282066
2     0.573333
3     0.227883
4     0.284922
5     0.215886
6     0.018415
7     0.186047
8     0.146731
10    0.264572
11     0.13298
12    0.088889

dev-test-tau onscreen ratios:
class
0     0.279944
1     0.281249
2     0.330247
3     0.033927
4     0.267653
5     0.297129
6     0.018587
7     0.267857
8      0.23158
9     0.263922
10    0.309554
12     0.21659

5. Train vs Test Class Representation
--------------------------------
Class representation comparison:
         Train %     Test %  Difference %
class                                    
0      27.120194  18.202227      8.917966
1      26.428060  25.638738      0.789322
2       0.421106   0.154509      0.266597
3       1.062037   0.588651      0.473386
4       3.147710   2.518729      0.628981
5      14.382099  10.172791      4.209308
6       1.966033   2.944643     -0.978610
7       0.576526   0.336906      0.239620
8      21.076047  19.875004      1.201043
9       2.820239  16.954510    -14.134271
10      0.516958   1.894282     -1.377324
11      0.437031   0.686207     -0.249176
12      0.045961   0.032804      0.013157

Classes with significant representation differences (>5.0%):
         Train %     Test %  Difference %
class                                    
0      27.120194  18.202227      8.917966
9       2.820239  16.954510    -14.134271

These classes may require special attention for data augmentation.

